无尽 宗师
  无双       祸源     暴击率   暴击效果    伤害    
    0         10       0.56      2.5       1.84   
    1         9       0.551     2.536    1.846336 
    2         8       0.542     2.572    1.852024 
    3         7       0.533     2.608    1.857064 
    4         6       0.524     2.644    1.861456 
    5         5       0.515      2.68     1.8652  
    6         4       0.506     2.716    1.868296 
    7         3       0.497     2.752    1.870744 
    8         2       0.488     2.788    1.872544 
    9         1       0.479     2.824    1.873696 
    10        0        0.47      2.86     1.8742  


无尽 
  无双       祸源     暴击率   暴击效果    伤害    
    0         10       0.36      2.5       1.54   
    1         9       0.351     2.536    1.539136 
    2         8       0.342     2.572    1.537624 
    3         7       0.333     2.608    1.535464 
    4         6       0.324     2.644    1.532656 
    5         5       0.315      2.68     1.5292  
    6         4       0.306     2.716    1.525096 
    7         3       0.297     2.752    1.520344 
    8         2       0.288     2.788    1.514944 
    9         1       0.279     2.824    1.508896 
    10        0        0.27      2.86     1.5022  


 宗师
  无双       祸源     暴击率   暴击效果    伤害    
    0         10       0.36      2.0       1.36   
    1         9       0.351     2.036    1.363636 
    2         8       0.342     2.072    1.366624 
    3         7       0.333     2.108    1.368964 
    4         6       0.324     2.144    1.370656 
    5         5       0.315      2.18     1.3717  
    6         4       0.306     2.216    1.372096 
    7         3       0.297     2.252    1.371844 
    8         2       0.288     2.288    1.370944 
    9         1       0.279     2.324    1.369396 
    10        0        0.27      2.36     1.3672  


 
  无双       祸源     暴击率   暴击效果    伤害    
    0         10       0.16      2.0       1.16   
    1         9       0.151     2.036    1.156436 
    2         8       0.142     2.072    1.152224 
    3         7       0.133     2.108    1.147364 
    4         6       0.124     2.144    1.141856 
    5         5       0.115      2.18     1.1357  
    6         4       0.106     2.216    1.128896 
    7         3       0.097     2.252    1.121444 
    8         2       0.088     2.288    1.113344 
    9         1       0.079     2.324    1.104596 
    10        0        0.07      2.36     1.0952  


[Finished in 0.2s]